1,0.99454,0.98912,0.98376,0.97845,0.97319,0.96799,0.96284,0.95775,0.95271,0.94773,0.94281,0.93795,0.93315,0.92841,0.92373,0.91912,0.91456,0.91008,0.90566,0.9013,0.89701,0.8928,0.88865,0.88457,0.88056,0.87663,0.87277,0.86898,0.86527,0.86164,0.85808,0.8546,0.8512,0.84789,0.84465,0.84149,0.83842,0.83543,0.83253,0.82971,0.82697,0.82433,0.82177,0.81931,0.81693,0.81464,0.81245,0.81034,0.80833,0.80641,0.80459,0.80286,0.80123,0.79969,0.79825,0.79691,0.79566,0.79451,0.79346,0.79251,0.79166,0.79091,0.79026,0.78971,0.78925,0.7889,0.78865,0.7885,0.78845,0.7885,0.78865,0.7889,0.78925,0.78971,0.79026,0.79091,0.79166,0.79251,0.79346,0.79451,0.79566,0.79691,0.79825,0.79969,0.80123,0.80286,0.80459,0.80641,0.80833,0.81034,0.81245,0.81464,0.81693,0.81931,0.82177,0.82433,0.82697,0.82971,0.83253
0.99293,0.98743,0.98198,0.97658,0.97123,0.96593,0.96069,0.9555,0.95037,0.9453,0.94028,0.93532,0.93042,0.92558,0.9208,0.91608,0.91143,0.90684,0.90231,0.89786,0.89346,0.88914,0.88488,0.8807,0.87658,0.87254,0.86857,0.86468,0.86085,0.85711,0.85344,0.84985,0.84634,0.84291,0.83955,0.83628,0.8331,0.82999,0.82697,0.82404,0.82119,0.81843,0.81576,0.81318,0.81068,0.80828,0.80597,0.80375,0.80163,0.79959,0.79766,0.79581,0.79406,0.79241,0.79086,0.7894,0.78805,0.78679,0.78562,0.78456,0.7836,0.78274,0.78198,0.78132,0.78076,0.7803,0.77995,0.77969,0.77954,0.77949,0.77954,0.77969,0.77995,0.7803,0.78076,0.78132,0.78198,0.78274,0.7836,0.78456,0.78562,0.78679,0.78805,0.7894,0.79086,0.79241,0.79406,0.79581,0.79766,0.79959,0.80163,0.80375,0.80597,0.80828,0.81068,0.81318,0.81576,0.81843,0.82119,0.82404
0.9859,0.98036,0.97487,0.96943,0.96404,0.9587,0.95342,0.94819,0.94302,0.93791,0.93285,0.92785,0.92291,0.91803,0.91322,0.90846,0.90377,0.89914,0.89457,0.89008,0.88565,0.88129,0.87699,0.87277,0.86862,0.86454,0.86053,0.8566,0.85274,0.84896,0.84526,0.84163,0.83809,0.83462,0.83124,0.82793,0.82472,0.82158,0.81853,0.81557,0.81269,0.8099,0.8072,0.80459,0.80207,0.79964,0.79731,0.79506,0.79291,0.79086,0.7889,0.78704,0.78527,0.7836,0.78203,0.78056,0.77918,0.77791,0.77674,0.77566,0.77469,0.77382,0.77305,0.77238,0.77182,0.77135,0.77099,0.77074,0.77058,0.77053,0.77058,0.77074,0.77099,0.77135,0.77182,0.77238,0.77305,0.77382,0.77469,0.77566,0.77674,0.77791,0.77918,0.78056,0.78203,0.7836,0.78527,0.78704,0.7889,0.79086,0.79291,0.79506,0.79731,0.79964,0.80207,0.80459,0.8072,0.8099,0.81269,0.81557
0.9789,0.97332,0.96778,0.9623,0.95688,0.9515,0.94618,0.94091,0.9357,0.93055,0.92545,0.92041,0.91543,0.91051,0.90566,0.90086,0.89613,0.89146,0.88686,0.88232,0.87785,0.87345,0.86912,0.86486,0.86067,0.85655,0.85251,0.84854,0.84465,0.84083,0.83709,0.83343,0.82985,0.82635,0.82293,0.8196,0.81635,0.81318,0.8101,0.8071,0.8042,0.80138,0.79865,0.79601,0.79346,0.79101,0.78865,0.78638,0.78421,0.78213,0.78015,0.77827,0.77648,0.77479,0.7732,0.77171,0.77032,0.76904,0.76785,0.76676,0.76578,0.7649,0.76412,0.76345,0.76287,0.76241,0.76204,0.76178,0.76162,0.76157,0.76162,0.76178,0.76204,0.76241,0.76287,0.76345,0.76412,0.7649,0.76578,0.76676,0.76785,0.76904,0.77032,0.77171,0.7732,0.77479,0.77648,0.77827,0.78015,0.78213,0.78421,0.78638,0.78865,0.79101,0.79346,0.79601,0.79865,0.80138,0.8042,0.8071
0.97193,0.9663,0.96073,0.95521,0.94974,0.94433,0.93897,0.93366,0.92841,0.92321,0.91808,0.913,0.90798,0.90302,0.89812,0.89329,0.88851,0.88381,0.87916,0.87459,0.87008,0.86564,0.86127,0.85697,0.85274,0.84859,0.84451,0.8405,0.83657,0.83272,0.82894,0.82524,0.82163,0.81809,0.81464,0.81127,0.80799,0.80479,0.80168,0.79865,0.79571,0.79286,0.79011,0.78744,0.78487,0.78239,0.78,0.77771,0.77551,0.77341,0.77141,0.7695,0.76769,0.76599,0.76438,0.76287,0.76147,0.76016,0.75896,0.75787,0.75687,0.75598,0.75519,0.75451,0.75393,0.75346,0.75309,0.75282,0.75267,0.75261,0.75267,0.75282,0.75309,0.75346,0.75393,0.75451,0.75519,0.75598,0.75687,0.75787,0.75896,0.76016,0.76147,0.76287,0.76438,0.76599,0.76769,0.7695,0.77141,0.77341,0.77551,0.77771,0.78,0.78239,0.78487,0.78744,0.79011,0.79286,0.79571,0.79865
0.96499,0.95932,0.95371,0.94815,0.94264,0.93719,0.93179,0.92644,0.92115,0.91591,0.91073,0.90561,0.90055,0.89555,0.89061,0.88574,0.88092,0.87618,0.87149,0.86688,0.86233,0.85785,0.85344,0.8491,0.84484,0.84064,0.83652,0.83248,0.82851,0.82462,0.82081,0.81707,0.81342,0.80985,0.80636,0.80296,0.79964,0.79641,0.79326,0.79021,0.78724,0.78436,0.78157,0.77888,0.77628,0.77377,0.77135,0.76904,0.76682,0.76469,0.76267,0.76074,0.75891,0.75718,0.75556,0.75404,0.75261,0.7513,0.75008,0.74897,0.74796,0.74706,0.74626,0.74557,0.74499,0.74451,0.74414,0.74387,0.74371,0.74366,0.74371,0.74387,0.74414,0.74451,0.74499,0.74557,0.74626,0.74706,0.74796,0.74897,0.75008,0.7513,0.75261,0.75404,0.75556,0.75718,0.75891,0.76074,0.76267,0.76469,0.76682,0.76904,0.77135,0.77377,0.77628,0.77888,0.78157,0.78436,0.78724,0.79021
0.95808,0.95238,0.94673,0.94112,0.93557,0.93008,0.92463,0.91924,0.91391,0.90863,0.90341,0.89825,0.89315,0.88811,0.88313,0.87821,0.87336,0.86857,0.86385,0.85919,0.8546,0.85008,0.84563,0.84126,0.83695,0.83272,0.82856,0.82447,0.82047,0.81654,0.81269,0.80892,0.80523,0.80163,0.7981,0.79466,0.79131,0.78805,0.78487,0.78178,0.77878,0.77587,0.77305,0.77032,0.76769,0.76516,0.76272,0.76037,0.75813,0.75598,0.75393,0.75198,0.75013,0.74839,0.74674,0.7452,0.74376,0.74243,0.7412,0.74007,0.73906,0.73814,0.73734,0.73664,0.73605,0.73556,0.73518,0.73491,0.73475,0.7347,0.73475,0.73491,0.73518,0.73556,0.73605,0.73664,0.73734,0.73814,0.73906,0.74007,0.7412,0.74243,0.74376,0.7452,0.74674,0.74839,0.75013,0.75198,0.75393,0.75598,0.75813,0.76037,0.76272,0.76516,0.76769,0.77032,0.77305,0.77587,0.77878,0.78178
0.95121,0.94546,0.93977,0.93413,0.92854,0.923,0.91751,0.91208,0.90671,0.90139,0.89613,0.89093,0.88578,0.8807,0.87568,0.87072,0.86582,0.86099,0.85623,0.85153,0.8469,0.84234,0.83785,0.83343,0.82908,0.82481,0.82061,0.81649,0.81245,0.80848,0.80459,0.80078,0.79706,0.79341,0.78986,0.78638,0.78299,0.77969,0.77648,0.77336,0.77032,0.76738,0.76454,0.76178,0.75912,0.75656,0.75409,0.75172,0.74945,0.74727,0.7452,0.74323,0.74136,0.73959,0.73793,0.73637,0.73491,0.73356,0.73232,0.73118,0.73015,0.72923,0.72841,0.7277,0.7271,0.72661,0.72623,0.72596,0.72579,0.72574,0.72579,0.72596,0.72623,0.72661,0.7271,0.7277,0.72841,0.72923,0.73015,0.73118,0.73232,0.73356,0.73491,0.73637,0.73793,0.73959,0.74136,0.74323,0.7452,0.74727,0.74945,0.75172,0.75409,0.75656,0.75912,0.76178,0.76454,0.76738,0.77032,0.77336
0.94437,0.93859,0.93285,0.92717,0.92153,0.91595,0.91043,0.90495,0.89954,0.89417,0.88887,0.88363,0.87844,0.87332,0.86825,0.86325,0.85831,0.85344,0.84863,0.84389,0.83922,0.83462,0.83009,0.82563,0.82124,0.81693,0.81269,0.80853,0.80444,0.80044,0.79651,0.79266,0.7889,0.78522,0.78162,0.77811,0.77469,0.77135,0.76811,0.76495,0.76188,0.75891,0.75603,0.75325,0.75056,0.74796,0.74547,0.74307,0.74077,0.73857,0.73648,0.73448,0.73259,0.7308,0.72912,0.72754,0.72607,0.7247,0.72344,0.72229,0.72125,0.72031,0.71948,0.71877,0.71816,0.71766,0.71728,0.717,0.71684,0.71678,0.71684,0.717,0.71728,0.71766,0.71816,0.71877,0.71948,0.72031,0.72125,0.72229,0.72344,0.7247,0.72607,0.72754,0.72912,0.7308,0.73259,0.73448,0.73648,0.73857,0.74077,0.74307,0.74547,0.74796,0.75056,0.75325,0.75603,0.75891,0.76188,0.76495
0.93757,0.93174,0.92597,0.92024,0.91456,0.90894,0.90337,0.89786,0.8924,0.88699,0.88165,0.87636,0.87113,0.86596,0.86085,0.85581,0.85083,0.84592,0.84107,0.83628,0.83157,0.82693,0.82235,0.81785,0.81342,0.80907,0.80479,0.80059,0.79646,0.79241,0.78845,0.78456,0.78076,0.77704,0.77341,0.76986,0.7664,0.76303,0.75975,0.75656,0.75346,0.75045,0.74754,0.74472,0.742,0.73938,0.73685,0.73443,0.7321,0.72988,0.72776,0.72574,0.72382,0.72201,0.72031,0.71871,0.71722,0.71584,0.71456,0.7134,0.71234,0.7114,0.71056,0.70983,0.70922,0.70872,0.70833,0.70805,0.70788,0.70782,0.70788,0.70805,0.70833,0.70872,0.70922,0.70983,0.71056,0.7114,0.71234,0.7134,0.71456,0.71584,0.71722,0.71871,0.72031,0.72201,0.72382,0.72574,0.72776,0.72988,0.7321,0.73443,0.73685,0.73938,0.742,0.74472,0.74754,0.75045,0.75346,0.75656
0.9308,0.92493,0.91912,0.91335,0.90763,0.90196,0.89635,0.89079,0.88529,0.87984,0.87445,0.86912,0.86385,0.85864,0.85349,0.8484,0.84338,0.83842,0.83353,0.8287,0.82394,0.81926,0.81464,0.8101,0.80563,0.80123,0.79691,0.79266,0.7885,0.78441,0.7804,0.77648,0.77264,0.76888,0.76521,0.76162,0.75813,0.75472,0.7514,0.74817,0.74504,0.742,0.73906,0.73621,0.73345,0.7308,0.72825,0.72579,0.72344,0.72119,0.71904,0.717,0.71506,0.71323,0.71151,0.70989,0.70838,0.70698,0.70569,0.70451,0.70344,0.70248,0.70164,0.7009,0.70028,0.69977,0.69937,0.69909,0.69892,0.69886,0.69892,0.69909,0.69937,0.69977,0.70028,0.7009,0.70164,0.70248,0.70344,0.70451,0.70569,0.70698,0.70838,0.70989,0.71151,0.71323,0.71506,0.717,0.71904,0.72119,0.72344,0.72579,0.72825,0.7308,0.73345,0.73621,0.73906,0.742,0.74504,0.74817
0.92407,0.91816,0.9123,0.90649,0.90073,0.89502,0.88936,0.88376,0.87821,0.87272,0.86729,0.86192,0.8566,0.85134,0.84615,0.84102,0.83595,0.83095,0.82601,0.82115,0.81635,0.81161,0.80696,0.80237,0.79785,0.79341,0.78905,0.78477,0.78056,0.77643,0.77238,0.76842,0.76454,0.76074,0.75703,0.7534,0.74987,0.74642,0.74307,0.73981,0.73664,0.73356,0.73058,0.7277,0.72492,0.72223,0.71965,0.71717,0.71479,0.71251,0.71034,0.70827,0.70631,0.70445,0.70271,0.70107,0.69954,0.69813,0.69682,0.69562,0.69454,0.69357,0.69271,0.69197,0.69134,0.69082,0.69042,0.69013,0.68996,0.68991,0.68996,0.69013,0.69042,0.69082,0.69134,0.69197,0.69271,0.69357,0.69454,0.69562,0.69682,0.69813,0.69954,0.70107,0.70271,0.70445,0.70631,0.70827,0.71034,0.71251,0.71479,0.71717,0.71965,0.72223,0.72492,0.7277,0.73058,0.73356,0.73664,0.73981
0.91738,0.91143,0.90552,0.89967,0.89386,0.88811,0.88241,0.87677,0.87117,0.86564,0.86016,0.85474,0.84938,0.84408,0.83884,0.83367,0.82856,0.82351,0.81853,0.81362,0.80877,0.804,0.7993,0.79466,0.79011,0.78562,0.78122,0.77689,0.77264,0.76847,0.76438,0.76037,0.75645,0.75261,0.74886,0.7452,0.74163,0.73814,0.73475,0.73145,0.72825,0.72514,0.72212,0.71921,0.71639,0.71368,0.71106,0.70855,0.70614,0.70384,0.70164,0.69954,0.69756,0.69568,0.69391,0.69226,0.69071,0.68927,0.68795,0.68674,0.68564,0.68466,0.68379,0.68304,0.6824,0.68188,0.68147,0.68118,0.68101,0.68095,0.68101,0.68118,0.68147,0.68188,0.6824,0.68304,0.68379,0.68466,0.68564,0.68674,0.68795,0.68927,0.69071,0.69226,0.69391,0.69568,0.69756,0.69954,0.70164,0.70384,0.70614,0.70855,0.71106,0.71368,0.71639,0.71921,0.72212,0.72514,0.72825,0.73145
0.91073,0.90473,0.89878,0.89289,0.88704,0.88124,0.8755,0.86981,0.86417,0.85859,0.85307,0.8476,0.8422,0.83685,0.83157,0.82635,0.82119,0.8161,0.81108,0.80612,0.80123,0.79641,0.79166,0.78699,0.78239,0.77786,0.77341,0.76904,0.76474,0.76053,0.7564,0.75235,0.74839,0.74451,0.74072,0.73701,0.7334,0.72988,0.72645,0.72311,0.71987,0.71672,0.71368,0.71073,0.70788,0.70513,0.70248,0.69994,0.6975,0.69517,0.69294,0.69082,0.68881,0.68691,0.68512,0.68344,0.68188,0.68042,0.67908,0.67786,0.67675,0.67575,0.67487,0.67411,0.67346,0.67293,0.67252,0.67222,0.67205,0.67199,0.67205,0.67222,0.67252,0.67293,0.67346,0.67411,0.67487,0.67575,0.67675,0.67786,0.67908,0.68042,0.68188,0.68344,0.68512,0.68691,0.68881,0.69082,0.69294,0.69517,0.6975,0.69994,0.70248,0.70513,0.70788,0.71073,0.71368,0.71672,0.71987,0.72311
0.90412,0.89808,0.89208,0.88614,0.88025,0.87441,0.86862,0.86288,0.8572,0.85158,0.84601,0.8405,0.83505,0.82966,0.82433,0.81906,0.81386,0.80872,0.80365,0.79865,0.79371,0.78885,0.78406,0.77934,0.77469,0.77012,0.76562,0.76121,0.75687,0.75261,0.74844,0.74435,0.74034,0.73642,0.73259,0.72885,0.72519,0.72163,0.71816,0.71479,0.71151,0.70833,0.70524,0.70226,0.69937,0.69659,0.69391,0.69134,0.68887,0.68651,0.68425,0.68211,0.68007,0.67815,0.67634,0.67464,0.67305,0.67158,0.67022,0.66898,0.66785,0.66684,0.66595,0.66518,0.66452,0.66399,0.66357,0.66327,0.66309,0.66303,0.66309,0.66327,0.66357,0.66399,0.66452,0.66518,0.66595,0.66684,0.66785,0.66898,0.67022,0.67158,0.67305,0.67464,0.67634,0.67815,0.68007,0.68211,0.68425,0.68651,0.68887,0.69134,0.69391,0.69659,0.69937,0.70226,0.70524,0.70833,0.71151,0.71479
0.89755,0.89146,0.88542,0.87943,0.8735,0.86761,0.86178,0.856,0.85027,0.8446,0.83899,0.83343,0.82793,0.8225,0.81712,0.81181,0.80656,0.80138,0.79626,0.79121,0.78623,0.78132,0.77648,0.77171,0.76702,0.76241,0.75787,0.7534,0.74902,0.74472,0.7405,0.73637,0.73232,0.72836,0.72448,0.7207,0.717,0.7134,0.70989,0.70648,0.70316,0.69994,0.69682,0.6938,0.69088,0.68807,0.68535,0.68275,0.68025,0.67786,0.67557,0.6734,0.67134,0.66939,0.66755,0.66583,0.66422,0.66273,0.66136,0.6601,0.65896,0.65793,0.65703,0.65625,0.65558,0.65504,0.65462,0.65431,0.65413,0.65407,0.65413,0.65431,0.65462,0.65504,0.65558,0.65625,0.65703,0.65793,0.65896,0.6601,0.66136,0.66273,0.66422,0.66583,0.66755,0.66939,0.67134,0.6734,0.67557,0.67786,0.68025,0.68275,0.68535,0.68807,0.69088,0.6938,0.69682,0.69994,0.70316,0.70648
0.89101,0.88488,0.8788,0.87277,0.86679,0.86085,0.85498,0.84915,0.84338,0.83766,0.832,0.8264,0.82086,0.81537,0.80995,0.80459,0.7993,0.79406,0.7889,0.7838,0.77878,0.77382,0.76893,0.76412,0.75938,0.75472,0.75013,0.74563,0.7412,0.73685,0.73259,0.72841,0.72432,0.72031,0.71639,0.71257,0.70883,0.70519,0.70164,0.69818,0.69483,0.69157,0.68841,0.68535,0.6824,0.67955,0.6768,0.67417,0.67163,0.66921,0.6669,0.6647,0.66261,0.66064,0.65878,0.65703,0.6554,0.65389,0.6525,0.65122,0.65007,0.64903,0.64811,0.64732,0.64665,0.64609,0.64567,0.64536,0.64518,0.64511,0.64518,0.64536,0.64567,0.64609,0.64665,0.64732,0.64811,0.64903,0.65007,0.65122,0.6525,0.65389,0.6554,0.65703,0.65878,0.66064,0.66261,0.6647,0.6669,0.66921,0.67163,0.67417,0.6768,0.67955,0.6824,0.68535,0.68841,0.69157,0.69483,0.69818
0.88452,0.87835,0.87222,0.86614,0.86012,0.85414,0.84821,0.84234,0.83652,0.83076,0.82505,0.8194,0.81381,0.80828,0.80281,0.79741,0.79206,0.78679,0.78157,0.77643,0.77135,0.76635,0.76142,0.75656,0.75177,0.74706,0.74243,0.73787,0.7334,0.72901,0.7247,0.72048,0.71634,0.71229,0.70833,0.70445,0.70068,0.69699,0.6934,0.68991,0.68651,0.68321,0.68002,0.67692,0.67393,0.67104,0.66827,0.66559,0.66303,0.66058,0.65824,0.65601,0.65389,0.65189,0.65,0.64824,0.64658,0.64505,0.64364,0.64235,0.64118,0.64012,0.6392,0.63839,0.63771,0.63715,0.63672,0.6364,0.63622,0.63616,0.63622,0.6364,0.63672,0.63715,0.63771,0.63839,0.6392,0.64012,0.64118,0.64235,0.64364,0.64505,0.64658,0.64824,0.65,0.65189,0.65389,0.65601,0.65824,0.66058,0.66303,0.66559,0.66827,0.67104,0.67393,0.67692,0.68002,0.68321,0.68651,0.68991
0.87808,0.87186,0.86569,0.85956,0.85349,0.84746,0.84149,0.83557,0.82971,0.8239,0.81814,0.81245,0.80681,0.80123,0.79571,0.79026,0.78487,0.77954,0.77428,0.76909,0.76396,0.75891,0.75393,0.74902,0.74419,0.73943,0.73475,0.73015,0.72563,0.72119,0.71684,0.71257,0.70838,0.70429,0.70028,0.69636,0.69254,0.68881,0.68518,0.68164,0.67821,0.67487,0.67163,0.6685,0.66547,0.66255,0.65974,0.65703,0.65444,0.65195,0.64958,0.64732,0.64518,0.64315,0.64124,0.63944,0.63777,0.63622,0.63479,0.63348,0.63229,0.63122,0.63028,0.62946,0.62877,0.62821,0.62776,0.62745,0.62726,0.6272,0.62726,0.62745,0.62776,0.62821,0.62877,0.62946,0.63028,0.63122,0.63229,0.63348,0.63479,0.63622,0.63777,0.63944,0.64124,0.64315,0.64518,0.64732,0.64958,0.65195,0.65444,0.65703,0.65974,0.66255,0.66547,0.6685,0.67163,0.67487,0.67821,0.68164
0.87168,0.86541,0.85919,0.85302,0.8469,0.84083,0.83481,0.82884,0.82293,0.81707,0.81127,0.80553,0.79984,0.79421,0.78865,0.78315,0.77771,0.77233,0.76702,0.76178,0.75661,0.75151,0.74648,0.74152,0.73664,0.73183,0.7271,0.72245,0.71789,0.7134,0.709,0.70468,0.70045,0.69631,0.69226,0.6883,0.68443,0.68066,0.67698,0.6734,0.66992,0.66654,0.66327,0.6601,0.65703,0.65407,0.65122,0.64848,0.64585,0.64333,0.64093,0.63864,0.63647,0.63441,0.63247,0.63066,0.62896,0.62739,0.62593,0.62461,0.6234,0.62232,0.62137,0.62054,0.61984,0.61926,0.61881,0.6185,0.6183,0.61824,0.6183,0.6185,0.61881,0.61926,0.61984,0.62054,0.62137,0.62232,0.6234,0.62461,0.62593,0.62739,0.62896,0.63066,0.63247,0.63441,0.63647,0.63864,0.64093,0.64333,0.64585,0.64848,0.65122,0.65407,0.65703,0.6601,0.66327,0.66654,0.66992,0.6734
0.86532,0.85901,0.85274,0.84653,0.84036,0.83424,0.82817,0.82216,0.8162,0.81029,0.80444,0.79865,0.79291,0.78724,0.78162,0.77607,0.77058,0.76516,0.7598,0.75451,0.74929,0.74414,0.73906,0.73405,0.72912,0.72426,0.71948,0.71479,0.71017,0.70563,0.70118,0.69682,0.69254,0.68835,0.68425,0.68025,0.67634,0.67252,0.6688,0.66518,0.66166,0.65824,0.65492,0.65171,0.6486,0.6456,0.64272,0.63994,0.63727,0.63472,0.63229,0.62997,0.62776,0.62568,0.62372,0.62188,0.62016,0.61856,0.61709,0.61574,0.61452,0.61342,0.61245,0.61161,0.6109,0.61032,0.60987,0.60954,0.60935,0.60928,0.60935,0.60954,0.60987,0.61032,0.6109,0.61161,0.61245,0.61342,0.61452,0.61574,0.61709,0.61856,0.62016,0.62188,0.62372,0.62568,0.62776,0.62997,0.63229,0.63472,0.63727,0.63994,0.64272,0.6456,0.6486,0.65171,0.65492,0.65824,0.66166,0.66518
0.85901,0.85265,0.84634,0.84007,0.83386,0.82769,0.82158,0.81552,0.80951,0.80355,0.79766,0.79181,0.78603,0.7803,0.77464,0.76904,0.7635,0.75802,0.75261,0.74727,0.742,0.7368,0.73167,0.72661,0.72163,0.71672,0.7119,0.70715,0.70248,0.6979,0.6934,0.68899,0.68466,0.68042,0.67628,0.67222,0.66827,0.6644,0.66064,0.65697,0.65341,0.64994,0.64658,0.64333,0.64019,0.63715,0.63422,0.63141,0.62871,0.62612,0.62365,0.6213,0.61907,0.61696,0.61497,0.6131,0.61135,0.60974,0.60824,0.60687,0.60564,0.60452,0.60354,0.60269,0.60197,0.60138,0.60092,0.60059,0.60039,0.60032,0.60039,0.60059,0.60092,0.60138,0.60197,0.60269,0.60354,0.60452,0.60564,0.60687,0.60824,0.60974,0.61135,0.6131,0.61497,0.61696,0.61907,0.6213,0.62365,0.62612,0.62871,0.63141,0.63422,0.63715,0.64019,0.64333,0.64658,0.64994,0.65341,0.65697
0.85274,0.84634,0.83998,0.83367,0.82741,0.82119,0.81503,0.80892,0.80286,0.79686,0.79091,0.78502,0.77918,0.77341,0.76769,0.76204,0.75645,0.75093,0.74547,0.74007,0.73475,0.7295,0.72432,0.71921,0.71418,0.70922,0.70434,0.69954,0.69483,0.69019,0.68564,0.68118,0.6768,0.67252,0.66832,0.66422,0.66022,0.65631,0.6525,0.64878,0.64518,0.64167,0.63827,0.63497,0.63179,0.62871,0.62574,0.62289,0.62016,0.61754,0.61503,0.61265,0.61038,0.60824,0.60622,0.60433,0.60256,0.60092,0.5994,0.59801,0.59676,0.59563,0.59463,0.59377,0.59303,0.59243,0.59197,0.59163,0.59143,0.59136,0.59143,0.59163,0.59197,0.59243,0.59303,0.59377,0.59463,0.59563,0.59676,0.59801,0.5994,0.60092,0.60256,0.60433,0.60622,0.60824,0.61038,0.61265,0.61503,0.61754,0.62016,0.62289,0.62574,0.62871,0.63179,0.63497,0.63827,0.64167,0.64518,0.64878
0.84653,0.84007,0.83367,0.82731,0.821,0.81474,0.80853,0.80237,0.79626,0.79021,0.78421,0.77827,0.77238,0.76656,0.76079,0.75509,0.74945,0.74387,0.73836,0.73291,0.72754,0.72223,0.717,0.71184,0.70676,0.70175,0.69682,0.69197,0.6872,0.68252,0.67792,0.6734,0.66898,0.66464,0.6604,0.65625,0.65219,0.64824,0.64438,0.64062,0.63696,0.63341,0.62997,0.62663,0.6234,0.62028,0.61728,0.61439,0.61161,0.60896,0.60642,0.604,0.6017,0.59953,0.59748,0.59556,0.59377,0.5921,0.59056,0.58915,0.58788,0.58673,0.58572,0.58484,0.5841,0.58349,0.58302,0.58268,0.58247,0.58241,0.58247,0.58268,0.58302,0.58349,0.5841,0.58484,0.58572,0.58673,0.58788,0.58915,0.59056,0.5921,0.59377,0.59556,0.59748,0.59953,0.6017,0.604,0.60642,0.60896,0.61161,0.61439,0.61728,0.62028,0.6234,0.62663,0.62997,0.63341,0.63696,0.64062
0.84036,0.83386,0.82741,0.821,0.81464,0.80833,0.80207,0.79586,0.78971,0.7836,0.77755,0.77156,0.76562,0.75975,0.75393,0.74817,0.74248,0.73685,0.73129,0.72579,0.72037,0.71501,0.70972,0.70451,0.69937,0.69431,0.68933,0.68443,0.67961,0.67487,0.67022,0.66565,0.66118,0.65679,0.6525,0.6483,0.64419,0.64019,0.63628,0.63247,0.62877,0.62518,0.62169,0.6183,0.61503,0.61187,0.60883,0.6059,0.60308,0.60039,0.59781,0.59536,0.59303,0.59083,0.58875,0.5868,0.58498,0.58329,0.58173,0.5803,0.579,0.57784,0.57682,0.57592,0.57517,0.57455,0.57407,0.57372,0.57352,0.57345,0.57352,0.57372,0.57407,0.57455,0.57517,0.57592,0.57682,0.57784,0.579,0.5803,0.58173,0.58329,0.58498,0.5868,0.58875,0.59083,0.59303,0.59536,0.59781,0.60039,0.60308,0.6059,0.60883,0.61187,0.61503,0.6183,0.62169,0.62518,0.62877,0.63247
0.83424,0.82769,0.82119,0.81474,0.80833,0.80197,0.79566,0.7894,0.7832,0.77704,0.77094,0.7649,0.75891,0.75298,0.74711,0.74131,0.73556,0.72988,0.72426,0.71871,0.71323,0.70782,0.70248,0.69722,0.69203,0.68691,0.68188,0.67692,0.67205,0.66726,0.66255,0.65793,0.65341,0.64897,0.64462,0.64037,0.63622,0.63216,0.62821,0.62435,0.6206,0.61696,0.61342,0.60999,0.60668,0.60348,0.60039,0.59742,0.59457,0.59183,0.58922,0.58673,0.58437,0.58214,0.58003,0.57805,0.5762,0.57448,0.5729,0.57145,0.57013,0.56895,0.56791,0.567,0.56624,0.56561,0.56512,0.56477,0.56456,0.56449,0.56456,0.56477,0.56512,0.56561,0.56624,0.567,0.56791,0.56895,0.57013,0.57145,0.5729,0.57448,0.5762,0.57805,0.58003,0.58214,0.58437,0.58673,0.58922,0.59183,0.59457,0.59742,0.60039,0.60348,0.60668,0.60999,0.61342,0.61696,0.6206,0.62435
0.82817,0.82158,0.81503,0.80853,0.80207,0.79566,0.7893,0.78299,0.77674,0.77053,0.76438,0.75828,0.75224,0.74626,0.74034,0.73448,0.72868,0.72295,0.71728,0.71167,0.70614,0.70068,0.69528,0.68996,0.68472,0.67955,0.67446,0.66945,0.66452,0.65968,0.65492,0.65025,0.64567,0.64118,0.63678,0.63247,0.62827,0.62416,0.62016,0.61625,0.61245,0.60876,0.60518,0.6017,0.59834,0.5951,0.59197,0.58895,0.58606,0.58329,0.58064,0.57812,0.57572,0.57345,0.57131,0.5693,0.56742,0.56568,0.56407,0.5626,0.56126,0.56006,0.55901,0.55809,0.55731,0.55667,0.55617,0.55582,0.5556,0.55553,0.5556,0.55582,0.55617,0.55667,0.55731,0.55809,0.55901,0.56006,0.56126,0.5626,0.56407,0.56568,0.56742,0.5693,0.57131,0.57345,0.57572,0.57812,0.58064,0.58329,0.58606,0.58895,0.59197,0.5951,0.59834,0.6017,0.60518,0.60876,0.61245,0.61625
0.82216,0.81552,0.80892,0.80237,0.79586,0.7894,0.78299,0.77663,0.77032,0.76407,0.75787,0.75172,0.74563,0.73959,0.73362,0.7277,0.72185,0.71606,0.71034,0.70468,0.69909,0.69357,0.68812,0.68275,0.67745,0.67222,0.66708,0.66201,0.65703,0.65213,0.64732,0.64259,0.63796,0.63341,0.62896,0.62461,0.62035,0.61619,0.61213,0.60818,0.60433,0.60059,0.59695,0.59343,0.59003,0.58673,0.58356,0.5805,0.57757,0.57476,0.57207,0.56951,0.56707,0.56477,0.5626,0.56056,0.55865,0.55688,0.55525,0.55375,0.5524,0.55118,0.5501,0.54917,0.54838,0.54773,0.54722,0.54686,0.54665,0.54658,0.54665,0.54686,0.54722,0.54773,0.54838,0.54917,0.5501,0.55118,0.5524,0.55375,0.55525,0.55688,0.55865,0.56056,0.5626,0.56477,0.56707,0.56951,0.57207,0.57476,0.57757,0.5805,0.58356,0.58673,0.59003,0.59343,0.59695,0.60059,0.60433,0.60818
0.8162,0.80951,0.80286,0.79626,0.78971,0.7832,0.77674,0.77032,0.76396,0.75766,0.7514,0.7452,0.73906,0.73297,0.72694,0.72097,0.71506,0.70922,0.70344,0.69773,0.69208,0.68651,0.68101,0.67557,0.67022,0.66494,0.65974,0.65462,0.64958,0.64462,0.63975,0.63497,0.63028,0.62568,0.62118,0.61677,0.61245,0.60824,0.60413,0.60013,0.59623,0.59243,0.58875,0.58518,0.58173,0.57839,0.57517,0.57207,0.56909,0.56624,0.56351,0.56091,0.55844,0.5561,0.5539,0.55182,0.54989,0.54809,0.54643,0.54491,0.54353,0.5423,0.5412,0.54025,0.53945,0.53879,0.53828,0.53791,0.53769,0.53762,0.53769,0.53791,0.53828,0.53879,0.53945,0.54025,0.5412,0.5423,0.54353,0.54491,0.54643,0.54809,0.54989,0.55182,0.5539,0.5561,0.55844,0.56091,0.56351,0.56624,0.56909,0.57207,0.57517,0.57839,0.58173,0.58518,0.58875,0.59243,0.59623,0.60013
0.81029,0.80355,0.79686,0.79021,0.7836,0.77704,0.77053,0.76407,0.75766,0.7513,0.74499,0.73873,0.73254,0.72639,0.72031,0.71429,0.70833,0.70243,0.69659,0.69082,0.68512,0.67949,0.67393,0.66844,0.66303,0.65769,0.65244,0.64726,0.64216,0.63715,0.63222,0.62739,0.62264,0.61798,0.61342,0.60896,0.60459,0.60032,0.59616,0.5921,0.58815,0.5843,0.58057,0.57695,0.57345,0.57006,0.5668,0.56365,0.56063,0.55773,0.55496,0.55232,0.54982,0.54744,0.5452,0.5431,0.54113,0.5393,0.53762,0.53607,0.53467,0.53342,0.5323,0.53134,0.53052,0.52985,0.52933,0.52896,0.52873,0.52866,0.52873,0.52896,0.52933,0.52985,0.53052,0.53134,0.5323,0.53342,0.53467,0.53607,0.53762,0.5393,0.54113,0.5431,0.5452,0.54744,0.54982,0.55232,0.55496,0.55773,0.56063,0.56365,0.5668,0.57006,0.57345,0.57695,0.58057,0.5843,0.58815,0.5921
0.80444,0.79766,0.79091,0.78421,0.77755,0.77094,0.76438,0.75787,0.7514,0.74499,0.73863,0.73232,0.72607,0.71987,0.71373,0.70765,0.70164,0.69568,0.68979,0.68397,0.67821,0.67252,0.6669,0.66136,0.65589,0.65049,0.64518,0.63994,0.63479,0.62972,0.62473,0.61984,0.61503,0.61032,0.6057,0.60118,0.59676,0.59243,0.58821,0.5841,0.5801,0.5762,0.57241,0.56874,0.56519,0.56175,0.55844,0.55525,0.55218,0.54924,0.54643,0.54375,0.5412,0.53879,0.53651,0.53438,0.53238,0.53052,0.52881,0.52724,0.52582,0.52454,0.52341,0.52243,0.5216,0.52091,0.52038,0.52001,0.51978,0.5197,0.51978,0.52001,0.52038,0.52091,0.5216,0.52243,0.52341,0.52454,0.52582,0.52724,0.52881,0.53052,0.53238,0.53438,0.53651,0.53879,0.5412,0.54375,0.54643,0.54924,0.55218,0.55525,0.55844,0.56175,0.56519,0.56874,0.57241,0.5762,0.5801,0.5841
0.79865,0.79181,0.78502,0.77827,0.77156,0.7649,0.75828,0.75172,0.7452,0.73873,0.73232,0.72596,0.71965,0.7134,0.70721,0.70107,0.695,0.68899,0.68304,0.67716,0.67134,0.66559,0.65992,0.65431,0.64878,0.64333,0.63796,0.63266,0.62745,0.62232,0.61728,0.61232,0.60746,0.60269,0.59801,0.59343,0.58895,0.58457,0.5803,0.57613,0.57207,0.56812,0.56428,0.56056,0.55695,0.55347,0.5501,0.54686,0.54375,0.54077,0.53791,0.53519,0.5326,0.53015,0.52784,0.52567,0.52363,0.52175,0.52001,0.51841,0.51696,0.51566,0.51451,0.51352,0.51267,0.51198,0.51144,0.51105,0.51082,0.51074,0.51082,0.51105,0.51144,0.51198,0.51267,0.51352,0.51451,0.51566,0.51696,0.51841,0.52001,0.52175,0.52363,0.52567,0.52784,0.53015,0.5326,0.53519,0.53791,0.54077,0.54375,0.54686,0.5501,0.55347,0.55695,0.56056,0.56428,0.56812,0.57207,0.57613
0.79291,0.78603,0.77918,0.77238,0.76562,0.75891,0.75224,0.74563,0.73906,0.73254,0.72607,0.71965,0.71329,0.70698,0.70073,0.69454,0.68841,0.68234,0.67634,0.6704,0.66452,0.65872,0.65298,0.64732,0.64173,0.63622,0.63078,0.62543,0.62016,0.61497,0.60987,0.60485,0.59993,0.5951,0.59036,0.58572,0.58118,0.57675,0.57241,0.56819,0.56407,0.56006,0.55617,0.5524,0.54874,0.5452,0.54179,0.5385,0.53534,0.5323,0.52941,0.52664,0.52401,0.52152,0.51917,0.51696,0.5149,0.51298,0.51121,0.50958,0.50811,0.50679,0.50562,0.50461,0.50375,0.50304,0.50249,0.5021,0.50186,0.50179,0.50186,0.5021,0.50249,0.50304,0.50375,0.50461,0.50562,0.50679,0.50811,0.50958,0.51121,0.51298,0.5149,0.51696,0.51917,0.52152,0.52401,0.52664,0.52941,0.5323,0.53534,0.5385,0.54179,0.5452,0.54874,0.5524,0.55617,0.56006,0.56407,0.56819
0.78724,0.7803,0.77341,0.76656,0.75975,0.75298,0.74626,0.73959,0.73297,0.72639,0.71987,0.7134,0.70698,0.70062,0.69431,0.68807,0.68188,0.67575,0.66969,0.66369,0.65775,0.65189,0.64609,0.64037,0.63472,0.62915,0.62365,0.61824,0.61291,0.60766,0.60249,0.59742,0.59243,0.58754,0.58275,0.57805,0.57345,0.56895,0.56456,0.56028,0.5561,0.55204,0.54809,0.54426,0.54055,0.53696,0.53349,0.53015,0.52694,0.52386,0.52091,0.5181,0.51543,0.5129,0.51051,0.50827,0.50617,0.50422,0.50241,0.50076,0.49927,0.49792,0.49673,0.4957,0.49482,0.49411,0.49355,0.49315,0.49291,0.49283,0.49291,0.49315,0.49355,0.49411,0.49482,0.4957,0.49673,0.49792,0.49927,0.50076,0.50241,0.50422,0.50617,0.50827,0.51051,0.5129,0.51543,0.5181,0.52091,0.52386,0.52694,0.53015,0.53349,0.53696,0.54055,0.54426,0.54809,0.55204,0.5561,0.56028
0.78162,0.77464,0.76769,0.76079,0.75393,0.74711,0.74034,0.73362,0.72694,0.72031,0.71373,0.70721,0.70073,0.69431,0.68795,0.68164,0.6754,0.66921,0.66309,0.65703,0.65104,0.64511,0.63926,0.63348,0.62776,0.62213,0.61657,0.6111,0.6057,0.60039,0.59516,0.59003,0.58498,0.58003,0.57517,0.57041,0.56575,0.56119,0.55674,0.5524,0.54816,0.54404,0.54003,0.53615,0.53238,0.52873,0.52521,0.52182,0.51856,0.51543,0.51244,0.50958,0.50687,0.50429,0.50186,0.49958,0.49745,0.49546,0.49363,0.49195,0.49042,0.48906,0.48784,0.48679,0.4859,0.48517,0.4846,0.4842,0.48395,0.48387,0.48395,0.4842,0.4846,0.48517,0.4859,0.48679,0.48784,0.48906,0.49042,0.49195,0.49363,0.49546,0.49745,0.49958,0.50186,0.50429,0.50687,0.50958,0.51244,0.51543,0.51856,0.52182,0.52521,0.52873,0.53238,0.53615,0.54003,0.54404,0.54816,0.5524
0.77607,0.76904,0.76204,0.75509,0.74817,0.74131,0.73448,0.7277,0.72097,0.71429,0.70765,0.70107,0.69454,0.68807,0.68164,0.67528,0.66898,0.66273,0.65655,0.65043,0.64438,0.63839,0.63247,0.62663,0.62086,0.61516,0.60954,0.604,0.59854,0.59317,0.58788,0.58268,0.57757,0.57255,0.56763,0.56281,0.55809,0.55347,0.54895,0.54455,0.54025,0.53607,0.53201,0.52806,0.52424,0.52054,0.51696,0.51352,0.5102,0.50702,0.50398,0.50108,0.49832,0.4957,0.49323,0.49091,0.48873,0.48671,0.48485,0.48314,0.48159,0.48019,0.47896,0.47789,0.47698,0.47624,0.47566,0.47524,0.475,0.47491,0.475,0.47524,0.47566,0.47624,0.47698,0.47789,0.47896,0.48019,0.48159,0.48314,0.48485,0.48671,0.48873,0.49091,0.49323,0.4957,0.49832,0.50108,0.50398,0.50702,0.5102,0.51352,0.51696,0.52054,0.52424,0.52806,0.53201,0.53607,0.54025,0.54455
0.77058,0.7635,0.75645,0.74945,0.74248,0.73556,0.72868,0.72185,0.71506,0.70833,0.70164,0.695,0.68841,0.68188,0.6754,0.66898,0.66261,0.65631,0.65007,0.64389,0.63777,0.63172,0.62574,0.61984,0.614,0.60824,0.60256,0.59695,0.59143,0.58599,0.58064,0.57538,0.5702,0.56512,0.56014,0.55525,0.55046,0.54578,0.5412,0.53674,0.53238,0.52814,0.52401,0.52001,0.51612,0.51236,0.50873,0.50523,0.50186,0.49863,0.49554,0.49259,0.48978,0.48712,0.4846,0.48224,0.48003,0.47797,0.47607,0.47433,0.47275,0.47133,0.47008,0.46899,0.46806,0.46731,0.46672,0.46629,0.46604,0.46596,0.46604,0.46629,0.46672,0.46731,0.46806,0.46899,0.47008,0.47133,0.47275,0.47433,0.47607,0.47797,0.48003,0.48224,0.4846,0.48712,0.48978,0.49259,0.49554,0.49863,0.50186,0.50523,0.50873,0.51236,0.51612,0.52001,0.52401,0.52814,0.53238,0.53674
0.76516,0.75802,0.75093,0.74387,0.73685,0.72988,0.72295,0.71606,0.70922,0.70243,0.69568,0.68899,0.68234,0.67575,0.66921,0.66273,0.65631,0.64994,0.64364,0.6374,0.63122,0.62511,0.61907,0.6131,0.6072,0.60138,0.59563,0.58996,0.58437,0.57887,0.57345,0.56812,0.56288,0.55773,0.55268,0.54773,0.54288,0.53813,0.53349,0.52896,0.52454,0.52023,0.51605,0.51198,0.50803,0.50422,0.50053,0.49697,0.49355,0.49026,0.48712,0.48412,0.48126,0.47855,0.47599,0.47358,0.47133,0.46924,0.46731,0.46553,0.46392,0.46248,0.4612,0.46009,0.45915,0.45837,0.45777,0.45734,0.45708,0.457,0.45708,0.45734,0.45777,0.45837,0.45915,0.46009,0.4612,0.46248,0.46392,0.46553,0.46731,0.46924,0.47133,0.47358,0.47599,0.47855,0.48126,0.48412,0.48712,0.49026,0.49355,0.49697,0.50053,0.50422,0.50803,0.51198,0.51605,0.52023,0.52454,0.52896
0.7598,0.75261,0.74547,0.73836,0.73129,0.72426,0.71728,0.71034,0.70344,0.69659,0.68979,0.68304,0.67634,0.66969,0.66309,0.65655,0.65007,0.64364,0.63727,0.63097,0.62473,0.61856,0.61245,0.60642,0.60045,0.59457,0.58875,0.58302,0.57736,0.57179,0.56631,0.56091,0.5556,0.55039,0.54527,0.54025,0.53534,0.53052,0.52582,0.52122,0.51673,0.51236,0.50811,0.50398,0.49998,0.4961,0.49235,0.48873,0.48525,0.48191,0.47871,0.47566,0.47275,0.46999,0.46739,0.46494,0.46265,0.46052,0.45855,0.45674,0.4551,0.45363,0.45232,0.45119,0.45023,0.44944,0.44883,0.44839,0.44813,0.44804,0.44813,0.44839,0.44883,0.44944,0.45023,0.45119,0.45232,0.45363,0.4551,0.45674,0.45855,0.46052,0.46265,0.46494,0.46739,0.46999,0.47275,0.47566,0.47871,0.48191,0.48525,0.48873,0.49235,0.4961,0.49998,0.50398,0.50811,0.51236,0.51673,0.52122
0.75451,0.74727,0.74007,0.73291,0.72579,0.71871,0.71167,0.70468,0.69773,0.69082,0.68397,0.67716,0.6704,0.66369,0.65703,0.65043,0.64389,0.6374,0.63097,0.62461,0.6183,0.61207,0.6059,0.5998,0.59377,0.58781,0.58193,0.57613,0.57041,0.56477,0.55922,0.55375,0.54838,0.5431,0.53791,0.53282,0.52784,0.52296,0.51818,0.51352,0.50896,0.50453,0.50021,0.49602,0.49195,0.48801,0.4842,0.48052,0.47698,0.47358,0.47033,0.46722,0.46426,0.46146,0.4588,0.45631,0.45397,0.4518,0.44979,0.44795,0.44628,0.44478,0.44345,0.4423,0.44132,0.44051,0.43989,0.43944,0.43917,0.43908,0.43917,0.43944,0.43989,0.44051,0.44132,0.4423,0.44345,0.44478,0.44628,0.44795,0.44979,0.4518,0.45397,0.45631,0.4588,0.46146,0.46426,0.46722,0.47033,0.47358,0.47698,0.48052,0.4842,0.48801,0.49195,0.49602,0.50021,0.50453,0.50896,0.51352
0.74929,0.742,0.73475,0.72754,0.72037,0.71323,0.70614,0.69909,0.69208,0.68512,0.67821,0.67134,0.66452,0.65775,0.65104,0.64438,0.63777,0.63122,0.62473,0.6183,0.61194,0.60564,0.5994,0.59323,0.58714,0.58112,0.57517,0.5693,0.56351,0.5578,0.55218,0.54665,0.5412,0.53585,0.5306,0.52544,0.52038,0.51543,0.51059,0.50586,0.50124,0.49673,0.49235,0.48809,0.48395,0.47995,0.47607,0.47234,0.46874,0.46528,0.46197,0.4588,0.45579,0.45293,0.45023,0.44769,0.44531,0.4431,0.44105,0.43917,0.43747,0.43594,0.43458,0.4334,0.43241,0.43159,0.43095,0.43049,0.43022,0.43013,0.43022,0.43049,0.43095,0.43159,0.43241,0.4334,0.43458,0.43594,0.43747,0.43917,0.44105,0.4431,0.44531,0.44769,0.45023,0.45293,0.45579,0.4588,0.46197,0.46528,0.46874,0.47234,0.47607,0.47995,0.48395,0.48809,0.49235,0.49673,0.50124,0.50586
0.74414,0.7368,0.7295,0.72223,0.71501,0.70782,0.70068,0.69357,0.68651,0.67949,0.67252,0.66559,0.65872,0.65189,0.64511,0.63839,0.63172,0.62511,0.61856,0.61207,0.60564,0.59927,0.59297,0.58673,0.58057,0.57448,0.56847,0.56253,0.55667,0.55089,0.5452,0.5396,0.53408,0.52866,0.52333,0.5181,0.51298,0.50796,0.50304,0.49824,0.49355,0.48897,0.48452,0.48019,0.47599,0.47192,0.46798,0.46418,0.46052,0.457,0.45363,0.45041,0.44734,0.44443,0.44167,0.43908,0.43666,0.4344,0.43231,0.4304,0.42866,0.4271,0.42572,0.42452,0.4235,0.42266,0.42201,0.42154,0.42126,0.42117,0.42126,0.42154,0.42201,0.42266,0.4235,0.42452,0.42572,0.4271,0.42866,0.4304,0.43231,0.4344,0.43666,0.43908,0.44167,0.44443,0.44734,0.45041,0.45363,0.457,0.46052,0.46418,0.46798,0.47192,0.47599,0.48019,0.48452,0.48897,0.49355,0.49824
0.73906,0.73167,0.72432,0.717,0.70972,0.70248,0.69528,0.68812,0.68101,0.67393,0.6669,0.65992,0.65298,0.64609,0.63926,0.63247,0.62574,0.61907,0.61245,0.6059,0.5994,0.59297,0.5866,0.5803,0.57407,0.56791,0.56183,0.55582,0.54989,0.54404,0.53828,0.5326,0.52701,0.52152,0.51612,0.51082,0.50562,0.50053,0.49554,0.49066,0.4859,0.48126,0.47673,0.47234,0.46806,0.46392,0.45992,0.45605,0.45232,0.44874,0.44531,0.44203,0.4389,0.43594,0.43313,0.43049,0.42802,0.42572,0.42359,0.42164,0.41986,0.41827,0.41686,0.41563,0.41459,0.41373,0.41307,0.41259,0.41231,0.41221,0.41231,0.41259,0.41307,0.41373,0.41459,0.41563,0.41686,0.41827,0.41986,0.42164,0.42359,0.42572,0.42802,0.43049,0.43313,0.43594,0.4389,0.44203,0.44531,0.44874,0.45232,0.45605,0.45992,0.46392,0.46806,0.47234,0.47673,0.48126,0.4859,0.49066
0.73405,0.72661,0.71921,0.71184,0.70451,0.69722,0.68996,0.68275,0.67557,0.66844,0.66136,0.65431,0.64732,0.64037,0.63348,0.62663,0.61984,0.6131,0.60642,0.5998,0.59323,0.58673,0.5803,0.57393,0.56763,0.5614,0.55525,0.54917,0.54317,0.53725,0.53141,0.52567,0.52001,0.51444,0.50896,0.50359,0.49832,0.49315,0.48809,0.48314,0.4783,0.47358,0.46899,0.46452,0.46017,0.45596,0.45189,0.44795,0.44416,0.44051,0.43702,0.43368,0.43049,0.42747,0.42461,0.42192,0.41939,0.41704,0.41487,0.41288,0.41107,0.40944,0.408,0.40675,0.40568,0.40481,0.40413,0.40364,0.40335,0.40326,0.40335,0.40364,0.40413,0.40481,0.40568,0.40675,0.408,0.40944,0.41107,0.41288,0.41487,0.41704,0.41939,0.42192,0.42461,0.42747,0.43049,0.43368,0.43702,0.44051,0.44416,0.44795,0.45189,0.45596,0.46017,0.46452,0.46899,0.47358,0.4783,0.48314
0.72912,0.72163,0.71418,0.70676,0.69937,0.69203,0.68472,0.67745,0.67022,0.66303,0.65589,0.64878,0.64173,0.63472,0.62776,0.62086,0.614,0.6072,0.60045,0.59377,0.58714,0.58057,0.57407,0.56763,0.56126,0.55496,0.54874,0.54259,0.53651,0.53052,0.52461,0.51879,0.51306,0.50741,0.50186,0.49641,0.49107,0.48582,0.48068,0.47566,0.47075,0.46596,0.46129,0.45674,0.45232,0.44804,0.44389,0.43989,0.43603,0.43231,0.42875,0.42535,0.4221,0.41902,0.4161,0.41335,0.41078,0.40838,0.40617,0.40413,0.40228,0.40062,0.39915,0.39787,0.39678,0.39589,0.39519,0.3947,0.3944,0.3943,0.3944,0.3947,0.39519,0.39589,0.39678,0.39787,0.39915,0.40062,0.40228,0.40413,0.40617,0.40838,0.41078,0.41335,0.4161,0.41902,0.4221,0.42535,0.42875,0.43231,0.43603,0.43989,0.44389,0.44804,0.45232,0.45674,0.46129,0.46596,0.47075,0.47566
0.72426,0.71672,0.70922,0.70175,0.69431,0.68691,0.67955,0.67222,0.66494,0.65769,0.65049,0.64333,0.63622,0.62915,0.62213,0.61516,0.60824,0.60138,0.59457,0.58781,0.58112,0.57448,0.56791,0.5614,0.55496,0.54859,0.5423,0.53607,0.52993,0.52386,0.51788,0.51198,0.50617,0.50045,0.49482,0.4893,0.48387,0.47855,0.47333,0.46823,0.46324,0.45837,0.45363,0.44901,0.44451,0.44016,0.43594,0.43186,0.42793,0.42414,0.42052,0.41704,0.41373,0.41059,0.40761,0.40481,0.40218,0.39974,0.39747,0.39539,0.3935,0.3918,0.3903,0.38899,0.38788,0.38697,0.38626,0.38575,0.38544,0.38534,0.38544,0.38575,0.38626,0.38697,0.38788,0.38899,0.3903,0.3918,0.3935,0.39539,0.39747,0.39974,0.40218,0.40481,0.40761,0.41059,0.41373,0.41704,0.42052,0.42414,0.42793,0.43186,0.43594,0.44016,0.44451,0.44901,0.45363,0.45837,0.46324,0.46823
0.71948,0.7119,0.70434,0.69682,0.68933,0.68188,0.67446,0.66708,0.65974,0.65244,0.64518,0.63796,0.63078,0.62365,0.61657,0.60954,0.60256,0.59563,0.58875,0.58193,0.57517,0.56847,0.56183,0.55525,0.54874,0.5423,0.53593,0.52963,0.52341,0.51727,0.51121,0.50523,0.49934,0.49355,0.48784,0.48224,0.47673,0.47133,0.46604,0.46086,0.45579,0.45084,0.44602,0.44132,0.43675,0.43231,0.42802,0.42387,0.41986,0.41601,0.41231,0.40877,0.40539,0.40218,0.39915,0.39628,0.3936,0.3911,0.38879,0.38666,0.38473,0.38299,0.38145,0.38012,0.37898,0.37805,0.37732,0.3768,0.37649,0.37638,0.37649,0.3768,0.37732,0.37805,0.37898,0.38012,0.38145,0.38299,0.38473,0.38666,0.38879,0.3911,0.3936,0.39628,0.39915,0.40218,0.40539,0.40877,0.41231,0.41601,0.41986,0.42387,0.42802,0.43231,0.43675,0.44132,0.44602,0.45084,0.45579,0.46086
0.71479,0.70715,0.69954,0.69197,0.68443,0.67692,0.66945,0.66201,0.65462,0.64726,0.63994,0.63266,0.62543,0.61824,0.6111,0.604,0.59695,0.58996,0.58302,0.57613,0.5693,0.56253,0.55582,0.54917,0.54259,0.53607,0.52963,0.52326,0.51696,0.51074,0.50461,0.49855,0.49259,0.48671,0.48093,0.47524,0.46966,0.46418,0.4588,0.45354,0.44839,0.44336,0.43846,0.43368,0.42903,0.42452,0.42014,0.41591,0.41183,0.4079,0.40413,0.40052,0.39708,0.3938,0.3907,0.38778,0.38504,0.38248,0.38012,0.37794,0.37597,0.37419,0.37262,0.37125,0.37008,0.36913,0.36839,0.36785,0.36753,0.36743,0.36753,0.36785,0.36839,0.36913,0.37008,0.37125,0.37262,0.37419,0.37597,0.37794,0.38012,0.38248,0.38504,0.38778,0.3907,0.3938,0.39708,0.40052,0.40413,0.4079,0.41183,0.41591,0.42014,0.42452,0.42903,0.43368,0.43846,0.44336,0.44839,0.45354
0.71017,0.70248,0.69483,0.6872,0.67961,0.67205,0.66452,0.65703,0.64958,0.64216,0.63479,0.62745,0.62016,0.61291,0.6057,0.59854,0.59143,0.58437,0.57736,0.57041,0.56351,0.55667,0.54989,0.54317,0.53651,0.52993,0.52341,0.51696,0.51059,0.50429,0.49808,0.49195,0.4859,0.47995,0.47408,0.46832,0.46265,0.45708,0.45163,0.44628,0.44105,0.43594,0.43095,0.42609,0.42136,0.41676,0.41231,0.408,0.40384,0.39983,0.39599,0.3923,0.38879,0.38544,0.38228,0.37929,0.37649,0.37388,0.37146,0.36924,0.36721,0.3654,0.36379,0.36238,0.36119,0.36022,0.35945,0.35891,0.35858,0.35847,0.35858,0.35891,0.35945,0.36022,0.36119,0.36238,0.36379,0.3654,0.36721,0.36924,0.37146,0.37388,0.37649,0.37929,0.38228,0.38544,0.38879,0.3923,0.39599,0.39983,0.40384,0.408,0.41231,0.41676,0.42136,0.42609,0.43095,0.43594,0.44105,0.44628
0.70563,0.6979,0.69019,0.68252,0.67487,0.66726,0.65968,0.65213,0.64462,0.63715,0.62972,0.62232,0.61497,0.60766,0.60039,0.59317,0.58599,0.57887,0.57179,0.56477,0.5578,0.55089,0.54404,0.53725,0.53052,0.52386,0.51727,0.51074,0.50429,0.49792,0.49163,0.48542,0.47929,0.47325,0.46731,0.46146,0.4557,0.45006,0.44451,0.43908,0.43377,0.42857,0.4235,0.41855,0.41373,0.40906,0.40452,0.40013,0.39589,0.3918,0.38788,0.38412,0.38053,0.37711,0.37388,0.37082,0.36796,0.36529,0.36282,0.36054,0.35847,0.35661,0.35496,0.35352,0.3523,0.3513,0.35052,0.34996,0.34963,0.34952,0.34963,0.34996,0.35052,0.3513,0.3523,0.35352,0.35496,0.35661,0.35847,0.36054,0.36282,0.36529,0.36796,0.37082,0.37388,0.37711,0.38053,0.38412,0.38788,0.3918,0.39589,0.40013,0.40452,0.40906,0.41373,0.41855,0.4235,0.42857,0.43377,0.43908
